[[ 9.99889504e-01 -8.34882729e-03 -1.22994783e-02]
 [ 8.34709620e-03  9.99965144e-01 -1.92073636e-04]
 [ 1.23006532e-02  8.93874840e-05  9.99924340e-01]]
[[ 9.99796849e-01 -1.24729709e-02 -1.58330557e-02]
 [ 1.24751991e-02  9.99922181e-01  4.19713019e-05]
 [ 1.58313000e-02 -2.39483298e-04  9.99874648e-01]]
[[538.81567041   0.         373.64609146   0.        ]
 [  0.         538.81567041 215.10212517   0.        ]
 [  0.           0.           1.           0.        ]]
[[ 5.38815670e+02  0.00000000e+00  3.73646091e+02 -1.80229886e+03]
 [ 0.00000000e+00  5.38815670e+02  2.15102125e+02  0.00000000e+00]
 [ 0.00000000e+00  0.00000000e+00  1.00000000e+00  0.00000000e+00]]
[[ 1.00000000e+00  0.00000000e+00  0.00000000e+00 -3.73646091e+02]
 [ 0.00000000e+00  1.00000000e+00  0.00000000e+00 -2.15102125e+02]
 [ 0.00000000e+00  0.00000000e+00  0.00000000e+00  5.38815670e+02]
 [ 0.00000000e+00  0.00000000e+00  2.98960224e-01 -0.00000000e+00]]
