[[536.07343019   0.         342.37038791]
 [  0.         536.01634475 235.53685635]
 [  0.           0.           1.        ]]
[[-0.26509006 -0.0467439   0.00183301 -0.00031471  0.25231586]]
[[542.35474305   0.         328.32418897]
 [  0.         541.61499606 246.94729228]
 [  0.           0.           1.        ]]
[[-0.28054308  0.10432373 -0.00055821  0.00130356 -0.02372163]]
[[ 9.99985242e-01  4.12904817e-03  3.53072645e-03]
 [-4.12809181e-03  9.99991441e-01 -2.78112968e-04]
 [-3.53184457e-03  2.63533701e-04  9.99993728e-01]]
[[-3.34424706]
 [ 0.04172117]
 [ 0.05296041]]
[[ 7.12727331e-05 -5.29489603e-02  4.17356395e-02]
 [ 4.11482662e-02  1.09999788e-03  3.34441307e+00]
 [-2.79151976e-02 -3.34439070e+00  7.82772428e-04]]
[[-3.84318383e-09  2.85542944e-06 -1.87766467e-03]
 [-2.22183625e-06 -5.94016634e-08 -9.60318588e-02]
 [ 1.36631739e-03  9.68941864e-02  1.00000000e+00]]
